============= ORIGINAL MATRIX ===============
4 9 1 5 9 9 0 3 2 1 
9 8 3 4 6 6 5 1 5 3 
8 1 1 0 5 3 3 2 9 9 
2 2 0 4 3 2 9 7 3 8 
8 7 0 4 2 0 4 3 7 1 
0 9 9 4 0 7 2 8 5 1 
2 9 1 2 4 7 7 5 9 5 
2 1 2 6 5 4 5 6 8 2 
3 8 1 3 3 9 9 9 2 7 
1 9 6 0 1 5 8 2 2 8 
 
============= RESULT MATRIX ===============
21 36 12 24 36 36 9 18 15 12 
36 33 18 21 27 27 24 12 24 18 
33 12 12 9 24 18 18 15 36 36 
15 15 9 21 18 15 36 30 18 33 
33 30 9 21 15 9 21 18 30 12 
9 36 36 21 9 30 15 33 24 12 
15 36 12 15 21 30 30 24 36 24 
15 12 15 27 24 21 24 27 33 15 
18 33 12 18 18 36 36 36 15 30 
12 36 27 9 12 24 33 15 15 33 